//-----------------------------------------------
//メッシュフィールドの配置処理
//Author: 加藤瑞葵
//-----------------------------------------------
SET_MESHFIELD
vertical = 50
line = 50
width = 6500.00
depth = 6500.00
-3250.00 11.48 3250.00
-3120.00 13.80 3250.00
-2990.00 17.02 3250.00
-2860.00 22.31 3250.00
-2730.00 26.67 3250.00
-2600.00 25.82 3250.00
-2470.00 28.32 3250.00
-2340.00 31.79 3250.00
-2210.00 33.97 3250.00
-2080.00 38.86 3250.00
-1950.00 40.54 3250.00
-1820.00 46.10 3250.00
-1690.00 46.25 3250.00
-1560.00 49.63 3250.00
-1430.00 54.41 3250.00
-1300.00 59.09 3250.00
-1170.00 60.10 3250.00
-1040.00 59.10 3250.00
-910.00 61.42 3250.00
-780.00 61.61 3250.00
-650.00 66.07 3250.00
-520.00 68.10 3250.00
-390.00 71.45 3250.00
-260.00 69.93 3250.00
-130.00 72.03 3250.00
0.00 70.06 3250.00
130.00 67.68 3250.00
260.00 69.44 3250.00
390.00 67.15 3250.00
520.00 60.92 3250.00
650.00 57.44 3250.00
780.00 49.08 3250.00
910.00 48.46 3250.00
1040.00 38.21 3250.00
1170.00 30.48 3250.00
1300.00 23.44 3250.00
1430.00 17.81 3250.00
1560.00 12.09 3250.00
1690.00 6.57 3250.00
1820.00 2.96 3250.00
1950.00 0.61 3250.00
2080.00 0.00 3250.00
2210.00 0.00 3250.00
2340.00 0.00 3250.00
2470.00 0.00 3250.00
2600.00 0.00 3250.00
2730.00 0.00 3250.00
2860.00 0.00 3250.00
2990.00 0.00 3250.00
3120.00 0.00 3250.00
3250.00 0.00 3250.00
-3250.00 17.19 3120.00
-3120.00 22.25 3120.00
-2990.00 26.33 3120.00
-2860.00 32.08 3120.00
-2730.00 38.61 3120.00
-2600.00 37.07 3120.00
-2470.00 42.50 3120.00
-2340.00 45.62 3120.00
-2210.00 44.99 3120.00
-2080.00 45.40 3120.00
-1950.00 50.00 3120.00
-1820.00 56.56 3120.00
-1690.00 60.21 3120.00
-1560.00 61.94 3120.00
-1430.00 64.30 3120.00
-1300.00 64.60 3120.00
-1170.00 68.99 3120.00
-1040.00 76.00 3120.00
-910.00 70.95 3120.00
-780.00 77.24 3120.00
-650.00 77.66 3120.00
-520.00 78.75 3120.00
-390.00 84.31 3120.00
-260.00 86.78 3120.00
-130.00 86.25 3120.00
0.00 83.89 3120.00
130.00 83.58 3120.00
260.00 79.54 3120.00
390.00 72.99 3120.00
520.00 73.95 3120.00
650.00 63.74 3120.00
780.00 64.37 3120.00
910.00 53.75 3120.00
1040.00 43.98 3120.00
1170.00 39.62 3120.00
1300.00 32.46 3120.00
1430.00 21.24 3120.00
1560.00 17.27 3120.00
1690.00 10.85 3120.00
1820.00 4.97 3120.00
1950.00 1.52 3120.00
2080.00 0.04 3120.00
2210.00 0.00 3120.00
2340.00 0.00 3120.00
2470.00 0.00 3120.00
2600.00 0.00 3120.00
2730.00 0.00 3120.00
2860.00 0.00 3120.00
2990.00 0.00 3120.00
3120.00 0.00 3120.00
3250.00 0.00 3120.00
-3250.00 21.25 2990.00
-3120.00 31.24 2990.00
-2990.00 37.70 2990.00
-2860.00 44.74 2990.00
-2730.00 44.93 2990.00
-2600.00 54.21 2990.00
-2470.00 54.26 2990.00
-2340.00 58.76 2990.00
-2210.00 57.04 2990.00
-2080.00 60.24 2990.00
-1950.00 59.67 2990.00
-1820.00 69.14 2990.00
-1690.00 72.03 2990.00
-1560.00 75.39 2990.00
-1430.00 78.75 2990.00
-1300.00 76.72 2990.00
-1170.00 82.79 2990.00
-1040.00 81.35 2990.00
-910.00 79.33 2990.00
-780.00 88.53 2990.00
-650.00 91.72 2990.00
-520.00 87.71 2990.00
-390.00 97.93 2990.00
-260.00 88.61 2990.00
-130.00 92.01 2990.00
0.00 90.05 2990.00
130.00 88.51 2990.00
260.00 86.92 2990.00
390.00 83.19 2990.00
520.00 78.56 2990.00
650.00 75.76 2990.00
780.00 66.23 2990.00
910.00 56.28 2990.00
1040.00 52.60 2990.00
1170.00 45.77 2990.00
1300.00 33.06 2990.00
1430.00 23.02 2990.00
1560.00 18.60 2990.00
1690.00 12.08 2990.00
1820.00 5.69 2990.00
1950.00 2.48 2990.00
2080.00 0.18 2990.00
2210.00 0.00 2990.00
2340.00 0.00 2990.00
2470.00 0.00 2990.00
2600.00 0.00 2990.00
2730.00 0.00 2990.00
2860.00 0.00 2990.00
2990.00 0.00 2990.00
3120.00 0.00 2990.00
3250.00 0.00 2990.00
-3250.00 26.88 2860.00
-3120.00 34.19 2860.00
-2990.00 45.37 2860.00
-2860.00 47.90 2860.00
-2730.00 54.18 2860.00
-2600.00 58.95 2860.00
-2470.00 62.00 2860.00
-2340.00 65.19 2860.00
-2210.00 68.70 2860.00
-2080.00 72.97 2860.00
-1950.00 75.21 2860.00
-1820.00 80.91 2860.00
-1690.00 83.13 2860.00
-1560.00 86.25 2860.00
-1430.00 85.32 2860.00
-1300.00 80.38 2860.00
-1170.00 82.86 2860.00
-1040.00 86.71 2860.00
-910.00 85.67 2860.00
-780.00 83.78 2860.00
-650.00 95.83 2860.00
-520.00 90.81 2860.00
-390.00 90.62 2860.00
-260.00 92.12 2860.00
-130.00 92.60 2860.00
0.00 89.77 2860.00
130.00 86.97 2860.00
260.00 85.01 2860.00
390.00 81.32 2860.00
520.00 74.50 2860.00
650.00 72.76 2860.00
780.00 72.69 2860.00
910.00 62.67 2860.00
1040.00 58.48 2860.00
1170.00 43.63 2860.00
1300.00 31.92 2860.00
1430.00 27.71 2860.00
1560.00 18.20 2860.00
1690.00 12.95 2860.00
1820.00 6.68 2860.00
1950.00 2.35 2860.00
2080.00 0.17 2860.00
2210.00 0.00 2860.00
2340.00 0.00 2860.00
2470.00 0.00 2860.00
2600.00 0.00 2860.00
2730.00 0.00 2860.00
2860.00 0.00 2860.00
2990.00 0.00 2860.00
3120.00 0.00 2860.00
3250.00 0.00 2860.00
-3250.00 31.74 2730.00
-3120.00 42.19 2730.00
-2990.00 49.53 2730.00
-2860.00 60.68 2730.00
-2730.00 62.64 2730.00
-2600.00 69.66 2730.00
-2470.00 79.33 2730.00
-2340.00 77.37 2730.00
-2210.00 83.39 2730.00
-2080.00 91.88 2730.00
-1950.00 89.95 2730.00
-1820.00 89.12 2730.00
-1690.00 85.69 2730.00
-1560.00 89.40 2730.00
-1430.00 82.26 2730.00
-1300.00 85.29 2730.00
-1170.00 80.54 2730.00
-1040.00 84.34 2730.00
-910.00 84.71 2730.00
-780.00 86.97 2730.00
-650.00 85.84 2730.00
-520.00 88.47 2730.00
-390.00 88.30 2730.00
-260.00 88.03 2730.00
-130.00 89.25 2730.00
0.00 86.24 2730.00
130.00 90.65 2730.00
260.00 75.67 2730.00
390.00 76.54 2730.00
520.00 74.43 2730.00
650.00 66.04 2730.00
780.00 58.65 2730.00
910.00 57.66 2730.00
1040.00 48.37 2730.00
1170.00 38.88 2730.00
1300.00 33.62 2730.00
1430.00 24.46 2730.00
1560.00 16.97 2730.00
1690.00 10.37 2730.00
1820.00 5.96 2730.00
1950.00 2.78 2730.00
2080.00 0.28 2730.00
2210.00 0.00 2730.00
2340.00 0.00 2730.00
2470.00 0.00 2730.00
2600.00 0.00 2730.00
2730.00 0.43 2730.00
2860.00 1.30 2730.00
2990.00 2.08 2730.00
3120.00 2.11 2730.00
3250.00 1.51 2730.00
-3250.00 35.73 2600.00
-3120.00 41.14 2600.00
-2990.00 55.32 2600.00
-2860.00 65.28 2600.00
-2730.00 67.71 2600.00
-2600.00 78.04 2600.00
-2470.00 80.74 2600.00
-2340.00 89.63 2600.00
-2210.00 99.75 2600.00
-2080.00 100.34 2600.00
-1950.00 98.73 2600.00
-1820.00 92.39 2600.00
-1690.00 88.06 2600.00
-1560.00 88.78 2600.00
-1430.00 87.85 2600.00
-1300.00 80.08 2600.00
-1170.00 78.16 2600.00
-1040.00 75.40 2600.00
-910.00 80.64 2600.00
-780.00 77.28 2600.00
-650.00 83.05 2600.00
-520.00 84.15 2600.00
-390.00 86.41 2600.00
-260.00 85.60 2600.00
-130.00 83.61 2600.00
0.00 84.44 2600.00
130.00 80.39 2600.00
260.00 63.57 2600.00
390.00 64.20 2600.00
520.00 63.83 2600.00
650.00 53.58 2600.00
780.00 51.97 2600.00
910.00 47.60 2600.00
1040.00 39.79 2600.00
1170.00 36.83 2600.00
1300.00 26.50 2600.00
1430.00 20.24 2600.00
1560.00 16.83 2600.00
1690.00 9.17 2600.00
1820.00 5.07 2600.00
1950.00 1.61 2600.00
2080.00 0.09 2600.00
2210.00 0.00 2600.00
2340.00 0.00 2600.00
2470.00 0.10 2600.00
2600.00 2.41 2600.00
2730.00 4.89 2600.00
2860.00 6.88 2600.00
2990.00 8.06 2600.00
3120.00 7.12 2600.00
3250.00 6.19 2600.00
-3250.00 32.36 2470.00
-3120.00 41.99 2470.00
-2990.00 51.74 2470.00
-2860.00 70.36 2470.00
-2730.00 75.00 2470.00
-2600.00 80.15 2470.00
-2470.00 95.10 2470.00
-2340.00 98.98 2470.00
-2210.00 102.48 2470.00
-2080.00 105.18 2470.00
-1950.00 103.48 2470.00
-1820.00 97.83 2470.00
-1690.00 94.61 2470.00
-1560.00 92.61 2470.00
-1430.00 85.88 2470.00
-1300.00 84.55 2470.00
-1170.00 74.95 2470.00
-1040.00 74.88 2470.00
-910.00 77.13 2470.00
-780.00 75.60 2470.00
-650.00 73.71 2470.00
-520.00 74.90 2470.00
-390.00 74.30 2470.00
-260.00 77.24 2470.00
-130.00 75.55 2470.00
0.00 74.58 2470.00
130.00 71.86 2470.00
260.00 48.08 2470.00
390.00 47.04 2470.00
520.00 47.25 2470.00
650.00 45.88 2470.00
780.00 43.52 2470.00
910.00 41.36 2470.00
1040.00 36.76 2470.00
1170.00 29.39 2470.00
1300.00 23.75 2470.00
1430.00 17.94 2470.00
1560.00 13.19 2470.00
1690.00 7.28 2470.00
1820.00 3.38 2470.00
1950.00 1.03 2470.00
2080.00 0.00 2470.00
2210.00 0.00 2470.00
2340.00 0.30 2470.00
2470.00 3.40 2470.00
2600.00 7.06 2470.00
2730.00 12.66 2470.00
2860.00 15.51 2470.00
2990.00 18.05 2470.00
3120.00 18.38 2470.00
3250.00 16.25 2470.00
-3250.00 34.56 2340.00
-3120.00 40.18 2340.00
-2990.00 58.11 2340.00
-2860.00 64.36 2340.00
-2730.00 81.28 2340.00
-2600.00 90.22 2340.00
-2470.00 99.30 2340.00
-2340.00 106.62 2340.00
-2210.00 113.73 2340.00
-2080.00 115.52 2340.00
-1950.00 114.03 2340.00
-1820.00 106.72 2340.00
-1690.00 104.17 2340.00
-1560.00 96.90 2340.00
-1430.00 86.37 2340.00
-1300.00 77.78 2340.00
-1170.00 74.76 2340.00
-1040.00 75.20 2340.00
-910.00 71.14 2340.00
-780.00 72.35 2340.00
-650.00 69.09 2340.00
-520.00 69.14 2340.00
-390.00 68.62 2340.00
-260.00 73.36 2340.00
-130.00 65.37 2340.00
0.00 66.51 2340.00
130.00 55.49 2340.00
260.00 57.98 2340.00
390.00 35.58 2340.00
520.00 33.36 2340.00
650.00 32.06 2340.00
780.00 31.35 2340.00
910.00 30.25 2340.00
1040.00 27.65 2340.00
1170.00 29.16 2340.00
1300.00 30.55 2340.00
1430.00 27.40 2340.00
1560.00 21.73 2340.00
1690.00 13.37 2340.00
1820.00 7.30 2340.00
1950.00 1.89 2340.00
2080.00 0.01 2340.00
2210.00 0.00 2340.00
2340.00 2.73 2340.00
2470.00 8.25 2340.00
2600.00 16.20 2340.00
2730.00 24.74 2340.00
2860.00 28.67 2340.00
2990.00 31.21 2340.00
3120.00 34.20 2340.00
3250.00 30.21 2340.00
-3250.00 26.41 2210.00
-3120.00 36.79 2210.00
-2990.00 53.40 2210.00
-2860.00 64.49 2210.00
-2730.00 84.41 2210.00
-2600.00 98.63 2210.00
-2470.00 111.67 2210.00
-2340.00 123.70 2210.00
-2210.00 131.88 2210.00
-2080.00 132.60 2210.00
-1950.00 132.25 2210.00
-1820.00 121.99 2210.00
-1690.00 110.29 2210.00
-1560.00 101.68 2210.00
-1430.00 92.89 2210.00
-1300.00 80.57 2210.00
-1170.00 75.18 2210.00
-1040.00 70.84 2210.00
-910.00 68.64 2210.00
-780.00 64.80 2210.00
-650.00 66.65 2210.00
-520.00 65.63 2210.00
-390.00 62.00 2210.00
-260.00 62.15 2210.00
-130.00 62.00 2210.00
0.00 53.15 2210.00
130.00 47.77 2210.00
260.00 42.27 2210.00
390.00 20.52 2210.00
520.00 23.19 2210.00
650.00 28.84 2210.00
780.00 31.96 2210.00
910.00 35.82 2210.00
1040.00 41.53 2210.00
1170.00 49.46 2210.00
1300.00 47.76 2210.00
1430.00 44.41 2210.00
1560.00 35.81 2210.00
1690.00 24.86 2210.00
1820.00 18.08 2210.00
1950.00 7.78 2210.00
2080.00 1.30 2210.00
2210.00 1.35 2210.00
2340.00 7.06 2210.00
2470.00 18.18 2210.00
2600.00 28.94 2210.00
2730.00 38.15 2210.00
2860.00 45.55 2210.00
2990.00 54.14 2210.00
3120.00 50.70 2210.00
3250.00 49.61 2210.00
-3250.00 24.93 2080.00
-3120.00 34.30 2080.00
-2990.00 48.32 2080.00
-2860.00 67.30 2080.00
-2730.00 88.70 2080.00
-2600.00 106.49 2080.00
-2470.00 121.93 2080.00
-2340.00 137.90 2080.00
-2210.00 148.49 2080.00
-2080.00 149.75 2080.00
-1950.00 122.01 2080.00
-1820.00 110.51 2080.00
-1690.00 107.85 2080.00
-1560.00 99.53 2080.00
-1430.00 90.81 2080.00
-1300.00 84.76 2080.00
-1170.00 67.71 2080.00
-1040.00 67.20 2080.00
-910.00 61.33 2080.00
-780.00 61.18 2080.00
-650.00 58.39 2080.00
-520.00 54.69 2080.00
-390.00 56.64 2080.00
-260.00 57.25 2080.00
-130.00 49.21 2080.00
0.00 45.02 2080.00
130.00 36.36 2080.00
260.00 34.57 2080.00
390.00 33.26 2080.00
520.00 33.78 2080.00
650.00 33.16 2080.00
780.00 44.81 2080.00
910.00 57.14 2080.00
1040.00 60.95 2080.00
1170.00 64.73 2080.00
1300.00 69.45 2080.00
1430.00 59.67 2080.00
1560.00 50.39 2080.00
1690.00 40.20 2080.00
1820.00 26.54 2080.00
1950.00 15.27 2080.00
2080.00 5.72 2080.00
2210.00 3.59 2080.00
2340.00 14.95 2080.00
2470.00 27.75 2080.00
2600.00 41.48 2080.00
2730.00 53.92 2080.00
2860.00 68.67 2080.00
2990.00 75.81 2080.00
3120.00 79.75 2080.00
3250.00 74.59 2080.00
-3250.00 22.67 1950.00
-3120.00 30.91 1950.00
-2990.00 43.21 1950.00
-2860.00 68.83 1950.00
-2730.00 85.08 1950.00
-2600.00 112.43 1950.00
-2470.00 128.45 1950.00
-2340.00 148.70 1950.00
-2210.00 123.53 1950.00
-2080.00 120.68 1950.00
-1950.00 112.62 1950.00
-1820.00 112.29 1950.00
-1690.00 97.65 1950.00
-1560.00 99.70 1950.00
-1430.00 83.34 1950.00
-1300.00 74.39 1950.00
-1170.00 68.62 1950.00
-1040.00 60.73 1950.00
-910.00 64.40 1950.00
-780.00 63.67 1950.00
-650.00 59.84 1950.00
-520.00 55.21 1950.00
-390.00 49.54 1950.00
-260.00 49.11 1950.00
-130.00 45.34 1950.00
0.00 42.62 1950.00
130.00 31.49 1950.00
260.00 30.15 1950.00
390.00 17.55 1950.00
520.00 28.56 1950.00
650.00 45.01 1950.00
780.00 60.90 1950.00
910.00 73.30 1950.00
1040.00 82.21 1950.00
1170.00 93.70 1950.00
1300.00 87.94 1950.00
1430.00 82.72 1950.00
1560.00 72.15 1950.00
1690.00 55.50 1950.00
1820.00 38.06 1950.00
1950.00 23.60 1950.00
2080.00 11.55 1950.00
2210.00 9.99 1950.00
2340.00 23.07 1950.00
2470.00 39.38 1950.00
2600.00 58.85 1950.00
2730.00 72.23 1950.00
2860.00 91.65 1950.00
2990.00 101.41 1950.00
3120.00 102.84 1950.00
3250.00 95.56 1950.00
-3250.00 16.42 1820.00
-3120.00 26.68 1820.00
-2990.00 43.31 1820.00
-2860.00 68.41 1820.00
-2730.00 87.78 1820.00
-2600.00 114.74 1820.00
-2470.00 132.57 1820.00
-2340.00 111.01 1820.00
-2210.00 107.14 1820.00
-2080.00 115.99 1820.00
-1950.00 119.35 1820.00
-1820.00 107.32 1820.00
-1690.00 102.32 1820.00
-1560.00 93.90 1820.00
-1430.00 87.49 1820.00
-1300.00 85.63 1820.00
-1170.00 75.93 1820.00
-1040.00 66.37 1820.00
-910.00 64.82 1820.00
-780.00 61.49 1820.00
-650.00 63.56 1820.00
-520.00 58.29 1820.00
-390.00 50.73 1820.00
-260.00 49.86 1820.00
-130.00 39.76 1820.00
0.00 36.98 1820.00
130.00 34.85 1820.00
260.00 23.85 1820.00
390.00 21.19 1820.00
520.00 37.38 1820.00
650.00 56.87 1820.00
780.00 72.67 1820.00
910.00 95.61 1820.00
1040.00 106.76 1820.00
1170.00 112.55 1820.00
1300.00 109.88 1820.00
1430.00 99.49 1820.00
1560.00 85.36 1820.00
1690.00 67.74 1820.00
1820.00 49.73 1820.00
1950.00 33.41 1820.00
2080.00 16.76 1820.00
2210.00 16.28 1820.00
2340.00 31.33 1820.00
2470.00 53.04 1820.00
2600.00 75.32 1820.00
2730.00 98.10 1820.00
2860.00 115.89 1820.00
2990.00 127.36 1820.00
3120.00 129.00 1820.00
3250.00 120.03 1820.00
-3250.00 14.57 1690.00
-3120.00 22.38 1690.00
-2990.00 41.90 1690.00
-2860.00 63.02 1690.00
-2730.00 86.42 1690.00
-2600.00 111.38 1690.00
-2470.00 85.46 1690.00
-2340.00 102.64 1690.00
-2210.00 106.67 1690.00
-2080.00 105.25 1690.00
-1950.00 108.48 1690.00
-1820.00 107.15 1690.00
-1690.00 101.16 1690.00
-1560.00 92.75 1690.00
-1430.00 86.58 1690.00
-1300.00 87.86 1690.00
-1170.00 78.71 1690.00
-1040.00 68.16 1690.00
-910.00 67.82 1690.00
-780.00 68.02 1690.00
-650.00 62.72 1690.00
-520.00 54.45 1690.00
-390.00 49.89 1690.00
-260.00 46.30 1690.00
-130.00 40.88 1690.00
0.00 31.19 1690.00
130.00 30.63 1690.00
260.00 19.84 1690.00
390.00 26.03 1690.00
520.00 43.55 1690.00
650.00 65.53 1690.00
780.00 92.20 1690.00
910.00 108.80 1690.00
1040.00 123.62 1690.00
1170.00 131.79 1690.00
1300.00 128.51 1690.00
1430.00 114.88 1690.00
1560.00 97.22 1690.00
1690.00 77.92 1690.00
1820.00 57.72 1690.00
1950.00 41.31 1690.00
2080.00 22.02 1690.00
2210.00 21.87 1690.00
2340.00 37.81 1690.00
2470.00 63.58 1690.00
2600.00 89.47 1690.00
2730.00 112.67 1690.00
2860.00 130.55 1690.00
2990.00 158.19 1690.00
3120.00 161.61 1690.00
3250.00 150.11 1690.00
-3250.00 11.83 1560.00
-3120.00 20.09 1560.00
-2990.00 39.65 1560.00
-2860.00 59.56 1560.00
-2730.00 82.20 1560.00
-2600.00 109.10 1560.00
-2470.00 85.98 1560.00
-2340.00 91.04 1560.00
-2210.00 102.52 1560.00
-2080.00 100.47 1560.00
-1950.00 103.34 1560.00
-1820.00 99.97 1560.00
-1690.00 93.80 1560.00
-1560.00 85.21 1560.00
-1430.00 84.49 1560.00
-1300.00 83.56 1560.00
-1170.00 77.59 1560.00
-1040.00 68.29 1560.00
-910.00 61.20 1560.00
-780.00 60.20 1560.00
-650.00 60.28 1560.00
-520.00 54.03 1560.00
-390.00 49.30 1560.00
-260.00 41.13 1560.00
-130.00 32.54 1560.00
0.00 28.29 1560.00
130.00 16.87 1560.00
260.00 15.86 1560.00
390.00 29.86 1560.00
520.00 52.86 1560.00
650.00 70.90 1560.00
780.00 90.38 1560.00
910.00 111.19 1560.00
1040.00 127.83 1560.00
1170.00 135.08 1560.00
1300.00 143.42 1560.00
1430.00 124.32 1560.00
1560.00 115.65 1560.00
1690.00 93.14 1560.00
1820.00 69.56 1560.00
1950.00 45.79 1560.00
2080.00 24.21 1560.00
2210.00 25.91 1560.00
2340.00 43.87 1560.00
2470.00 69.39 1560.00
2600.00 94.81 1560.00
2730.00 118.84 1560.00
2860.00 153.92 1560.00
2990.00 172.02 1560.00
3120.00 176.12 1560.00
3250.00 161.53 1560.00
-3250.00 9.72 1430.00
-3120.00 18.10 1430.00
-2990.00 34.32 1430.00
-2860.00 53.01 1430.00
-2730.00 74.21 1430.00
-2600.00 59.12 1430.00
-2470.00 74.47 1430.00
-2340.00 77.84 1430.00
-2210.00 86.21 1430.00
-2080.00 82.87 1430.00
-1950.00 84.10 1430.00
-1820.00 90.35 1430.00
-1690.00 83.06 1430.00
-1560.00 80.00 1430.00
-1430.00 80.99 1430.00
-1300.00 75.56 1430.00
-1170.00 68.98 1430.00
-1040.00 64.02 1430.00
-910.00 59.01 1430.00
-780.00 52.11 1430.00
-650.00 49.11 1430.00
-520.00 43.67 1430.00
-390.00 39.43 1430.00
-260.00 33.69 1430.00
-130.00 27.70 1430.00
0.00 19.97 1430.00
130.00 14.43 1430.00
260.00 13.02 1430.00
390.00 30.44 1430.00
520.00 48.84 1430.00
650.00 70.95 1430.00
780.00 101.27 1430.00
910.00 121.58 1430.00
1040.00 129.36 1430.00
1170.00 147.74 1430.00
1300.00 141.57 1430.00
1430.00 127.64 1430.00
1560.00 112.98 1430.00
1690.00 94.02 1430.00
1820.00 69.78 1430.00
1950.00 46.53 1430.00
2080.00 24.68 1430.00
2210.00 28.25 1430.00
2340.00 46.75 1430.00
2470.00 71.81 1430.00
2600.00 106.28 1430.00
2730.00 132.00 1430.00
2860.00 154.96 1430.00
2990.00 173.41 1430.00
3120.00 177.73 1430.00
3250.00 177.91 1430.00
-3250.00 7.89 1300.00
-3120.00 15.30 1300.00
-2990.00 29.77 1300.00
-2860.00 44.69 1300.00
-2730.00 62.06 1300.00
-2600.00 48.43 1300.00
-2470.00 61.10 1300.00
-2340.00 62.83 1300.00
-2210.00 70.31 1300.00
-2080.00 72.95 1300.00
-1950.00 72.83 1300.00
-1820.00 76.32 1300.00
-1690.00 72.08 1300.00
-1560.00 66.37 1300.00
-1430.00 68.47 1300.00
-1300.00 63.90 1300.00
-1170.00 59.89 1300.00
-1040.00 57.42 1300.00
-910.00 54.95 1300.00
-780.00 45.95 1300.00
-650.00 43.36 1300.00
-520.00 37.63 1300.00
-390.00 32.16 1300.00
-260.00 24.72 1300.00
-130.00 18.19 1300.00
0.00 15.25 1300.00
130.00 9.35 1300.00
260.00 11.75 1300.00
390.00 27.71 1300.00
520.00 48.14 1300.00
650.00 67.40 1300.00
780.00 87.69 1300.00
910.00 115.80 1300.00
1040.00 131.50 1300.00
1170.00 141.59 1300.00
1300.00 134.18 1300.00
1430.00 123.14 1300.00
1560.00 109.16 1300.00
1690.00 83.57 1300.00
1820.00 66.99 1300.00
1950.00 43.83 1300.00
2080.00 22.72 1300.00
2210.00 24.43 1300.00
2340.00 44.77 1300.00
2470.00 75.50 1300.00
2600.00 100.88 1300.00
2730.00 126.14 1300.00
2860.00 149.40 1300.00
2990.00 184.04 1300.00
3120.00 189.48 1300.00
3250.00 174.12 1300.00
-3250.00 6.73 1170.00
-3120.00 13.55 1170.00
-2990.00 23.95 1170.00
-2860.00 39.46 1170.00
-2730.00 54.42 1170.00
-2600.00 34.68 1170.00
-2470.00 46.81 1170.00
-2340.00 53.75 1170.00
-2210.00 53.99 1170.00
-2080.00 54.74 1170.00
-1950.00 54.35 1170.00
-1820.00 55.40 1170.00
-1690.00 56.00 1170.00
-1560.00 52.92 1170.00
-1430.00 55.69 1170.00
-1300.00 52.73 1170.00
-1170.00 51.81 1170.00
-1040.00 51.60 1170.00
-910.00 45.15 1170.00
-780.00 44.55 1170.00
-650.00 35.86 1170.00
-520.00 29.84 1170.00
-390.00 22.98 1170.00
-260.00 18.21 1170.00
-130.00 11.98 1170.00
0.00 8.99 1170.00
130.00 5.72 1170.00
260.00 9.57 1170.00
390.00 22.03 1170.00
520.00 43.79 1170.00
650.00 62.28 1170.00
780.00 87.61 1170.00
910.00 96.05 1170.00
1040.00 115.38 1170.00
1170.00 122.98 1170.00
1300.00 119.93 1170.00
1430.00 107.97 1170.00
1560.00 96.68 1170.00
1690.00 77.04 1170.00
1820.00 60.09 1170.00
1950.00 37.37 1170.00
2080.00 18.75 1170.00
2210.00 20.00 1170.00
2340.00 40.03 1170.00
2470.00 67.96 1170.00
2600.00 99.94 1170.00
2730.00 125.55 1170.00
2860.00 149.47 1170.00
2990.00 169.94 1170.00
3120.00 176.14 1170.00
3250.00 173.89 1170.00
-3250.00 4.07 1040.00
-3120.00 8.37 1040.00
-2990.00 17.20 1040.00
-2860.00 27.67 1040.00
-2730.00 41.49 1040.00
-2600.00 29.71 1040.00
-2470.00 36.16 1040.00
-2340.00 42.22 1040.00
-2210.00 48.49 1040.00
-2080.00 48.35 1040.00
-1950.00 43.92 1040.00
-1820.00 41.96 1040.00
-1690.00 41.78 1040.00
-1560.00 43.92 1040.00
-1430.00 46.22 1040.00
-1300.00 42.27 1040.00
-1170.00 43.43 1040.00
-1040.00 40.34 1040.00
-910.00 41.89 1040.00
-780.00 35.03 1040.00
-650.00 26.88 1040.00
-520.00 20.60 1040.00
-390.00 14.35 1040.00
-260.00 10.86 1040.00
-130.00 6.99 1040.00
0.00 4.63 1040.00
130.00 3.00 1040.00
260.00 7.39 1040.00
390.00 17.82 1040.00
520.00 31.85 1040.00
650.00 53.43 1040.00
780.00 66.19 1040.00
910.00 85.14 1040.00
1040.00 97.29 1040.00
1170.00 103.00 1040.00
1300.00 102.75 1040.00
1430.00 91.53 1040.00
1560.00 77.92 1040.00
1690.00 65.08 1040.00
1820.00 47.08 1040.00
1950.00 29.52 1040.00
2080.00 14.50 1040.00
2210.00 13.31 1040.00
2340.00 33.92 1040.00
2470.00 58.05 1040.00
2600.00 86.86 1040.00
2730.00 118.71 1040.00
2860.00 140.74 1040.00
2990.00 159.58 1040.00
3120.00 165.41 1040.00
3250.00 166.92 1040.00
-3250.00 2.43 910.00
-3120.00 5.80 910.00
-2990.00 11.73 910.00
-2860.00 21.33 910.00
-2730.00 27.42 910.00
-2600.00 22.29 910.00
-2470.00 28.25 910.00
-2340.00 32.33 910.00
-2210.00 36.26 910.00
-2080.00 36.14 910.00
-1950.00 34.06 910.00
-1820.00 31.23 910.00
-1690.00 31.79 910.00
-1560.00 33.38 910.00
-1430.00 35.66 910.00
-1300.00 32.60 910.00
-1170.00 35.89 910.00
-1040.00 31.48 910.00
-910.00 31.61 910.00
-780.00 25.02 910.00
-650.00 20.68 910.00
-520.00 13.86 910.00
-390.00 8.60 910.00
-260.00 4.79 910.00
-130.00 9.27 910.00
0.00 14.73 910.00
130.00 18.73 910.00
260.00 20.08 910.00
390.00 18.48 910.00
520.00 22.20 910.00
650.00 39.24 910.00
780.00 55.16 910.00
910.00 70.07 910.00
1040.00 73.16 910.00
1170.00 82.50 910.00
1300.00 80.89 910.00
1430.00 74.94 910.00
1560.00 63.60 910.00
1690.00 49.74 910.00
1820.00 32.87 910.00
1950.00 20.97 910.00
2080.00 9.65 910.00
2210.00 8.41 910.00
2340.00 23.73 910.00
2470.00 46.42 910.00
2600.00 77.88 910.00
2730.00 105.04 910.00
2860.00 125.18 910.00
2990.00 140.29 910.00
3120.00 145.15 910.00
3250.00 148.36 910.00
-3250.00 0.88 780.00
-3120.00 2.89 780.00
-2990.00 5.47 780.00
-2860.00 11.97 780.00
-2730.00 19.29 780.00
-2600.00 15.55 780.00
-2470.00 19.39 780.00
-2340.00 22.64 780.00
-2210.00 28.72 780.00
-2080.00 29.62 780.00
-1950.00 25.53 780.00
-1820.00 25.30 780.00
-1690.00 20.82 780.00
-1560.00 21.83 780.00
-1430.00 26.08 780.00
-1300.00 26.75 780.00
-1170.00 25.31 780.00
-1040.00 22.04 780.00
-910.00 22.00 780.00
-780.00 16.60 780.00
-650.00 11.52 780.00
-520.00 8.07 780.00
-390.00 7.29 780.00
-260.00 17.30 780.00
-130.00 27.04 780.00
0.00 33.46 780.00
130.00 38.38 780.00
260.00 39.97 780.00
390.00 38.09 780.00
520.00 32.90 780.00
650.00 24.79 780.00
780.00 35.97 780.00
910.00 46.70 780.00
1040.00 57.82 780.00
1170.00 55.73 780.00
1300.00 61.47 780.00
1430.00 52.41 780.00
1560.00 45.43 780.00
1690.00 33.29 780.00
1820.00 21.95 780.00
1950.00 13.05 780.00
2080.00 5.86 780.00
2210.00 5.69 780.00
2340.00 21.46 780.00
2470.00 44.05 780.00
2600.00 67.46 780.00
2730.00 91.12 780.00
2860.00 108.12 780.00
2990.00 129.09 780.00
3120.00 133.70 780.00
3250.00 128.93 780.00
-3250.00 0.00 650.00
-3120.00 0.73 650.00
-2990.00 2.42 650.00
-2860.00 4.24 650.00
-2730.00 8.22 650.00
-2600.00 12.29 650.00
-2470.00 10.25 650.00
-2340.00 14.47 650.00
-2210.00 16.74 650.00
-2080.00 17.65 650.00
-1950.00 17.37 650.00
-1820.00 14.31 650.00
-1690.00 14.64 650.00
-1560.00 18.59 650.00
-1430.00 19.36 650.00
-1300.00 20.56 650.00
-1170.00 20.11 650.00
-1040.00 17.94 650.00
-910.00 14.13 650.00
-780.00 9.83 650.00
-650.00 6.33 650.00
-520.00 6.42 650.00
-390.00 19.46 650.00
-260.00 33.23 650.00
-130.00 47.84 650.00
0.00 58.13 650.00
130.00 64.71 650.00
260.00 66.86 650.00
390.00 64.31 650.00
520.00 57.39 650.00
650.00 46.83 650.00
780.00 33.45 650.00
910.00 41.40 650.00
1040.00 50.47 650.00
1170.00 45.55 650.00
1300.00 44.80 650.00
1430.00 40.79 650.00
1560.00 33.77 650.00
1690.00 24.70 650.00
1820.00 17.91 650.00
1950.00 10.40 650.00
2080.00 8.26 650.00
2210.00 11.37 650.00
2340.00 26.23 650.00
2470.00 46.29 650.00
2600.00 67.09 650.00
2730.00 86.38 650.00
2860.00 100.10 650.00
2990.00 108.51 650.00
3120.00 112.81 650.00
3250.00 109.14 650.00
-3250.00 0.07 520.00
-3120.00 2.76 520.00
-2990.00 5.36 520.00
-2860.00 7.41 520.00
-2730.00 7.33 520.00
-2600.00 6.80 520.00
-2470.00 4.34 520.00
-2340.00 5.87 520.00
-2210.00 7.14 520.00
-2080.00 7.66 520.00
-1950.00 8.32 520.00
-1820.00 10.93 520.00
-1690.00 12.29 520.00
-1560.00 12.94 520.00
-1430.00 13.23 520.00
-1300.00 14.78 520.00
-1170.00 14.29 520.00
-1040.00 12.04 520.00
-910.00 9.49 520.00
-780.00 6.61 520.00
-650.00 3.80 520.00
-520.00 15.71 520.00
-390.00 32.37 520.00
-260.00 50.79 520.00
-130.00 65.96 520.00
0.00 78.24 520.00
130.00 86.37 520.00
260.00 89.08 520.00
390.00 85.88 520.00
520.00 77.35 520.00
650.00 64.78 520.00
780.00 49.41 520.00
910.00 47.05 520.00
1040.00 56.82 520.00
1170.00 52.47 520.00
1300.00 51.52 520.00
1430.00 47.16 520.00
1560.00 40.15 520.00
1690.00 31.52 520.00
1820.00 21.41 520.00
1950.00 13.34 520.00
2080.00 13.52 520.00
2210.00 21.11 520.00
2340.00 32.44 520.00
2470.00 49.22 520.00
2600.00 68.43 520.00
2730.00 80.76 520.00
2860.00 93.09 520.00
2990.00 101.79 520.00
3120.00 96.72 520.00
3250.00 95.70 520.00
-3250.00 11.68 390.00
-3120.00 18.65 390.00
-2990.00 22.85 390.00
-2860.00 23.11 390.00
-2730.00 22.52 390.00
-2600.00 17.73 390.00
-2470.00 11.28 390.00
-2340.00 3.74 390.00
-2210.00 1.69 390.00
-2080.00 2.92 390.00
-1950.00 5.51 390.00
-1820.00 6.14 390.00
-1690.00 7.08 390.00
-1560.00 9.50 390.00
-1430.00 8.44 390.00
-1300.00 8.92 390.00
-1170.00 8.31 390.00
-1040.00 7.01 390.00
-910.00 4.95 390.00
-780.00 2.85 390.00
-650.00 6.05 390.00
-520.00 24.48 390.00
-390.00 45.66 390.00
-260.00 64.68 390.00
-130.00 82.20 390.00
0.00 97.13 390.00
130.00 107.63 390.00
260.00 111.31 390.00
390.00 106.98 390.00
520.00 96.01 390.00
650.00 80.80 390.00
780.00 63.12 390.00
910.00 49.33 390.00
1040.00 56.93 390.00
1170.00 61.48 390.00
1300.00 54.50 390.00
1430.00 49.95 390.00
1560.00 43.04 390.00
1690.00 34.51 390.00
1820.00 25.00 390.00
1950.00 14.93 390.00
2080.00 28.01 390.00
2210.00 29.30 390.00
2340.00 41.07 390.00
2470.00 56.26 390.00
2600.00 65.95 390.00
2730.00 81.55 390.00
2860.00 63.18 390.00
2990.00 69.59 390.00
3120.00 83.30 390.00
3250.00 83.14 390.00
-3250.00 27.44 260.00
-3120.00 36.96 260.00
-2990.00 39.82 260.00
-2860.00 40.89 260.00
-2730.00 40.77 260.00
-2600.00 36.77 260.00
-2470.00 28.23 260.00
-2340.00 18.13 260.00
-2210.00 6.72 260.00
-2080.00 1.04 260.00
-1950.00 2.22 260.00
-1820.00 2.96 260.00
-1690.00 3.94 260.00
-1560.00 5.42 260.00
-1430.00 4.69 260.00
-1300.00 4.73 260.00
-1170.00 4.05 260.00
-1040.00 2.95 260.00
-910.00 1.61 260.00
-780.00 0.68 260.00
-650.00 10.67 260.00
-520.00 33.36 260.00
-390.00 54.59 260.00
-260.00 75.37 260.00
-130.00 95.32 260.00
0.00 113.57 260.00
130.00 127.92 260.00
260.00 133.54 260.00
390.00 126.95 260.00
520.00 112.14 260.00
650.00 93.68 260.00
780.00 73.64 260.00
910.00 52.81 260.00
1040.00 52.60 260.00
1170.00 56.98 260.00
1300.00 54.96 260.00
1430.00 50.11 260.00
1560.00 42.97 260.00
1690.00 34.76 260.00
1820.00 25.81 260.00
1950.00 22.84 260.00
2080.00 36.96 260.00
2210.00 38.59 260.00
2340.00 55.26 260.00
2470.00 61.74 260.00
2600.00 48.53 260.00
2730.00 47.22 260.00
2860.00 54.58 260.00
2990.00 64.71 260.00
3120.00 70.99 260.00
3250.00 67.70 260.00
-3250.00 43.89 130.00
-3120.00 55.51 130.00
-2990.00 63.63 130.00
-2860.00 61.48 130.00
-2730.00 58.52 130.00
-2600.00 57.13 130.00
-2470.00 45.95 130.00
-2340.00 33.66 130.00
-2210.00 18.78 130.00
-2080.00 5.89 130.00
-1950.00 0.44 130.00
-1820.00 0.44 130.00
-1690.00 1.08 130.00
-1560.00 1.47 130.00
-1430.00 1.46 130.00
-1300.00 1.00 130.00
-1170.00 0.99 130.00
-1040.00 0.42 130.00
-910.00 0.03 130.00
-780.00 0.00 130.00
-650.00 15.57 130.00
-520.00 37.68 130.00
-390.00 59.73 130.00
-260.00 81.70 130.00
-130.00 103.49 130.00
0.00 124.87 130.00
130.00 144.80 130.00
260.00 155.75 130.00
390.00 143.25 130.00
520.00 123.10 130.00
650.00 101.67 130.00
780.00 79.85 130.00
910.00 57.88 130.00
1040.00 50.87 130.00
1170.00 56.70 130.00
1300.00 52.82 130.00
1430.00 47.36 130.00
1560.00 40.25 130.00
1690.00 32.50 130.00
1820.00 24.48 130.00
1950.00 35.48 130.00
2080.00 49.99 130.00
2210.00 51.89 130.00
2340.00 67.86 130.00
2470.00 75.51 130.00
2600.00 65.36 130.00
2730.00 60.28 130.00
2860.00 49.87 130.00
2990.00 57.97 130.00
3120.00 62.65 130.00
3250.00 61.46 130.00
-3250.00 62.21 0.00
-3120.00 76.70 0.00
-2990.00 78.42 0.00
-2860.00 88.52 0.00
-2730.00 82.71 0.00
-2600.00 72.31 0.00
-2470.00 59.04 0.00
-2340.00 50.05 0.00
-2210.00 30.94 0.00
-2080.00 16.06 0.00
-1950.00 2.08 0.00
-1820.00 0.54 0.00
-1690.00 0.00 0.00
-1560.00 0.00 0.00
-1430.00 0.00 0.00
-1300.00 0.00 0.00
-1170.00 0.00 0.00
-1040.00 0.00 0.00
-910.00 0.00 0.00
-780.00 0.00 0.00
-650.00 16.16 0.00
-520.00 38.36 0.00
-390.00 60.55 0.00
-260.00 82.72 0.00
-130.00 104.86 0.00
0.00 126.89 0.00
130.00 148.52 0.00
260.00 163.83 0.00
390.00 146.72 0.00
520.00 125.02 0.00
650.00 102.97 0.00
780.00 80.84 0.00
910.00 58.67 0.00
1040.00 45.60 0.00
1170.00 55.28 0.00
1300.00 55.69 0.00
1430.00 49.40 0.00
1560.00 41.76 0.00
1690.00 28.53 0.00
1820.00 38.72 0.00
1950.00 58.47 0.00
2080.00 60.66 0.00
2210.00 71.29 0.00
2340.00 80.99 0.00
2470.00 80.00 0.00
2600.00 82.04 0.00
2730.00 71.87 0.00
2860.00 56.83 0.00
2990.00 55.29 0.00
3120.00 58.60 0.00
3250.00 57.18 0.00
-3250.00 75.27 -130.00
-3120.00 94.58 -130.00
-2990.00 102.41 -130.00
-2860.00 102.53 -130.00
-2730.00 106.36 -130.00
-2600.00 92.50 -130.00
-2470.00 75.87 -130.00
-2340.00 58.59 -130.00
-2210.00 41.85 -130.00
-2080.00 23.74 -130.00
-1950.00 7.15 -130.00
-1820.00 1.41 -130.00
-1690.00 0.24 -130.00
-1560.00 0.00 -130.00
-1430.00 0.00 -130.00
-1300.00 0.00 -130.00
-1170.00 0.00 -130.00
-1040.00 0.00 -130.00
-910.00 0.00 -130.00
-780.00 0.00 -130.00
-650.00 13.57 -130.00
-520.00 35.35 -130.00
-390.00 56.95 -130.00
-260.00 78.26 -130.00
-130.00 99.00 -130.00
0.00 118.51 -130.00
130.00 134.74 -130.00
260.00 141.65 -130.00
390.00 133.60 -130.00
520.00 116.93 -130.00
650.00 97.26 -130.00
780.00 76.45 -130.00
910.00 55.12 -130.00
1040.00 41.52 -130.00
1170.00 47.09 -130.00
1300.00 45.88 -130.00
1430.00 40.64 -130.00
1560.00 34.39 -130.00
1690.00 33.25 -130.00
1820.00 71.83 -130.00
1950.00 71.18 -130.00
2080.00 73.12 -130.00
2210.00 87.40 -130.00
2340.00 84.09 -130.00
2470.00 83.65 -130.00
2600.00 94.52 -130.00
2730.00 82.56 -130.00
2860.00 62.47 -130.00
2990.00 65.16 -130.00
3120.00 67.56 -130.00
3250.00 59.09 -130.00
-3250.00 86.12 -260.00
-3120.00 102.34 -260.00
-2990.00 124.61 -260.00
-2860.00 124.99 -260.00
-2730.00 115.30 -260.00
-2600.00 111.12 -260.00
-2470.00 90.98 -260.00
-2340.00 70.57 -260.00
-2210.00 51.03 -260.00
-2080.00 30.06 -260.00
-1950.00 11.59 -260.00
-1820.00 3.04 -260.00
-1690.00 0.99 -260.00
-1560.00 0.00 -260.00
-1430.00 0.00 -260.00
-1300.00 0.00 -260.00
-1170.00 0.00 -260.00
-1040.00 0.00 -260.00
-910.00 0.00 -260.00
-780.00 0.00 -260.00
-650.00 7.96 -260.00
-520.00 28.88 -260.00
-390.00 49.32 -260.00
-260.00 69.02 -260.00
-130.00 87.44 -260.00
0.00 103.52 -260.00
130.00 115.21 -260.00
260.00 119.43 -260.00
390.00 114.46 -260.00
520.00 102.29 -260.00
650.00 85.94 -260.00
780.00 67.38 -260.00
910.00 47.60 -260.00
1040.00 30.24 -260.00
1170.00 34.83 -260.00
1300.00 34.23 -260.00
1430.00 43.12 -260.00
1560.00 73.34 -260.00
1690.00 68.92 -260.00
1820.00 68.58 -260.00
1950.00 85.51 -260.00
2080.00 89.66 -260.00
2210.00 103.59 -260.00
2340.00 92.88 -260.00
2470.00 95.35 -260.00
2600.00 84.53 -260.00
2730.00 76.09 -260.00
2860.00 67.03 -260.00
2990.00 71.96 -260.00
3120.00 79.98 -260.00
3250.00 69.42 -260.00
-3250.00 98.33 -390.00
-3120.00 114.82 -390.00
-2990.00 140.65 -390.00
-2860.00 145.48 -390.00
-2730.00 132.17 -390.00
-2600.00 113.44 -390.00
-2470.00 92.76 -390.00
-2340.00 79.82 -390.00
-2210.00 57.86 -390.00
-2080.00 34.71 -390.00
-1950.00 13.94 -390.00
-1820.00 3.88 -390.00
-1690.00 1.48 -390.00
-1560.00 0.12 -390.00
-1430.00 0.00 -390.00
-1300.00 0.00 -390.00
-1170.00 0.00 -390.00
-1040.00 0.00 -390.00
-910.00 0.00 -390.00
-780.00 0.00 -390.00
-650.00 0.00 -390.00
-520.00 19.39 -390.00
-390.00 38.37 -390.00
-260.00 56.17 -390.00
-130.00 72.16 -390.00
0.00 85.33 -390.00
130.00 94.19 -390.00
260.00 97.20 -390.00
390.00 93.65 -390.00
520.00 84.35 -390.00
650.00 70.89 -390.00
780.00 54.71 -390.00
910.00 36.79 -390.00
1040.00 49.57 -390.00
1170.00 64.68 -390.00
1300.00 72.03 -390.00
1430.00 81.21 -390.00
1560.00 89.54 -390.00
1690.00 88.82 -390.00
1820.00 81.61 -390.00
1950.00 80.01 -390.00
2080.00 114.43 -390.00
2210.00 116.76 -390.00
2340.00 92.04 -390.00
2470.00 87.87 -390.00
2600.00 84.30 -390.00
2730.00 71.49 -390.00
2860.00 81.36 -390.00
2990.00 95.36 -390.00
3120.00 88.19 -390.00
3250.00 84.54 -390.00
-3250.00 101.61 -520.00
-3120.00 118.53 -520.00
-2990.00 129.68 -520.00
-2860.00 148.90 -520.00
-2730.00 139.86 -520.00
-2600.00 122.19 -520.00
-2470.00 100.48 -520.00
-2340.00 76.46 -520.00
-2210.00 55.15 -520.00
-2080.00 37.14 -520.00
-1950.00 15.20 -520.00
-1820.00 4.40 -520.00
-1690.00 1.80 -520.00
-1560.00 0.38 -520.00
-1430.00 0.00 -520.00
-1300.00 0.00 -520.00
-1170.00 0.00 -520.00
-1040.00 0.00 -520.00
-910.00 0.00 -520.00
-780.00 0.00 -520.00
-650.00 0.00 -520.00
-520.00 7.41 -520.00
-390.00 24.83 -520.00
-260.00 40.77 -520.00
-130.00 54.62 -520.00
0.00 65.57 -520.00
130.00 72.64 -520.00
260.00 74.97 -520.00
390.00 72.22 -520.00
520.00 64.78 -520.00
650.00 53.54 -520.00
780.00 39.48 -520.00
910.00 37.83 -520.00
1040.00 50.89 -520.00
1170.00 73.19 -520.00
1300.00 80.87 -520.00
1430.00 95.29 -520.00
1560.00 102.53 -520.00
1690.00 102.99 -520.00
1820.00 106.29 -520.00
1950.00 102.26 -520.00
2080.00 124.66 -520.00
2210.00 129.29 -520.00
2340.00 103.27 -520.00
2470.00 88.66 -520.00
2600.00 73.93 -520.00
2730.00 91.67 -520.00
2860.00 105.38 -520.00
2990.00 113.69 -520.00
3120.00 104.79 -520.00
3250.00 101.46 -520.00
-3250.00 87.84 -650.00
-3120.00 113.74 -650.00
-2990.00 122.91 -650.00
-2860.00 124.71 -650.00
-2730.00 119.26 -650.00
-2600.00 108.87 -650.00
-2470.00 91.47 -650.00
-2340.00 76.77 -650.00
-2210.00 55.06 -650.00
-2080.00 32.78 -650.00
-1950.00 13.06 -650.00
-1820.00 4.59 -650.00
-1690.00 1.92 -650.00
-1560.00 0.45 -650.00
-1430.00 0.00 -650.00
-1300.00 0.00 -650.00
-1170.00 0.00 -650.00
-1040.00 0.00 -650.00
-910.00 0.00 -650.00
-780.00 0.00 -650.00
-650.00 0.00 -650.00
-520.00 0.00 -650.00
-390.00 9.35 -650.00
-260.00 23.61 -650.00
-130.00 35.70 -650.00
0.00 44.99 -650.00
130.00 50.84 -650.00
260.00 52.74 -650.00
390.00 50.49 -650.00
520.00 44.33 -650.00
650.00 34.77 -650.00
780.00 25.37 -650.00
910.00 43.58 -650.00
1040.00 61.59 -650.00
1170.00 74.98 -650.00
1300.00 97.33 -650.00
1430.00 105.32 -650.00
1560.00 121.02 -650.00
1690.00 121.81 -650.00
1820.00 119.77 -650.00
1950.00 120.25 -650.00
2080.00 128.02 -650.00
2210.00 142.19 -650.00
2340.00 107.15 -650.00
2470.00 84.41 -650.00
2600.00 100.67 -650.00
2730.00 122.50 -650.00
2860.00 130.95 -650.00
2990.00 143.22 -650.00
3120.00 135.37 -650.00
3250.00 119.44 -650.00
-3250.00 78.99 -780.00
-3120.00 91.61 -780.00
-2990.00 110.02 -780.00
-2860.00 111.20 -780.00
-2730.00 106.59 -780.00
-2600.00 96.42 -780.00
-2470.00 81.58 -780.00
-2340.00 63.05 -780.00
-2210.00 45.32 -780.00
-2080.00 26.90 -780.00
-1950.00 8.28 -780.00
-1820.00 4.36 -780.00
-1690.00 1.83 -780.00
-1560.00 0.41 -780.00
-1430.00 0.00 -780.00
-1300.00 0.00 -780.00
-1170.00 0.00 -780.00
-1040.00 0.00 -780.00
-910.00 0.00 -780.00
-780.00 0.00 -780.00
-650.00 0.00 -780.00
-520.00 0.00 -780.00
-390.00 0.00 -780.00
-260.00 5.87 -780.00
-130.00 15.89 -780.00
0.00 23.93 -780.00
130.00 28.91 -780.00
260.00 30.51 -780.00
390.00 28.61 -780.00
520.00 23.36 -780.00
650.00 15.08 -780.00
780.00 29.50 -780.00
910.00 46.97 -780.00
1040.00 65.18 -780.00
1170.00 89.55 -780.00
1300.00 105.68 -780.00
1430.00 120.80 -780.00
1560.00 135.04 -780.00
1690.00 146.44 -780.00
1820.00 145.10 -780.00
1950.00 148.97 -780.00
2080.00 142.99 -780.00
2210.00 164.80 -780.00
2340.00 106.43 -780.00
2470.00 87.84 -780.00
2600.00 116.20 -780.00
2730.00 144.25 -780.00
2860.00 155.81 -780.00
2990.00 172.39 -780.00
3120.00 153.36 -780.00
3250.00 147.97 -780.00
-3250.00 65.52 -910.00
-3120.00 77.37 -910.00
-2990.00 83.33 -910.00
-2860.00 94.35 -910.00
-2730.00 90.20 -910.00
-2600.00 80.82 -910.00
-2470.00 68.32 -910.00
-2340.00 53.34 -910.00
-2210.00 34.49 -910.00
-2080.00 17.48 -910.00
-1950.00 5.68 -910.00
-1820.00 2.80 -910.00
-1690.00 1.01 -910.00
-1560.00 0.15 -910.00
-1430.00 0.00 -910.00
-1300.00 0.00 -910.00
-1170.00 0.00 -910.00
-1040.00 0.00 -910.00
-910.00 0.00 -910.00
-780.00 0.00 -910.00
-650.00 0.00 -910.00
-520.00 0.00 -910.00
-390.00 0.00 -910.00
-260.00 0.00 -910.00
-130.00 0.00 -910.00
0.00 3.53 -910.00
130.00 7.72 -910.00
260.00 9.26 -910.00
390.00 7.44 -910.00
520.00 10.69 -910.00
650.00 19.71 -910.00
780.00 30.53 -910.00
910.00 51.21 -910.00
1040.00 71.03 -910.00
1170.00 98.09 -910.00
1300.00 120.02 -910.00
1430.00 139.52 -910.00
1560.00 158.59 -910.00
1690.00 101.83 -910.00
1820.00 101.01 -910.00
1950.00 95.84 -910.00
2080.00 86.79 -910.00
2210.00 94.53 -910.00
2340.00 108.67 -910.00
2470.00 105.83 -910.00
2600.00 141.20 -910.00
2730.00 161.30 -910.00
2860.00 189.55 -910.00
2990.00 195.78 -910.00
3120.00 192.14 -910.00
3250.00 170.75 -910.00
-3250.00 48.64 -1040.00
-3120.00 60.25 -1040.00
-2990.00 66.34 -1040.00
-2860.00 67.56 -1040.00
-2730.00 64.09 -1040.00
-2600.00 57.62 -1040.00
-2470.00 48.45 -1040.00
-2340.00 37.93 -1040.00
-2210.00 21.13 -1040.00
-2080.00 8.17 -1040.00
-1950.00 4.66 -1040.00
-1820.00 2.23 -1040.00
-1690.00 0.73 -1040.00
-1560.00 0.03 -1040.00
-1430.00 0.00 -1040.00
-1300.00 0.00 -1040.00
-1170.00 0.00 -1040.00
-1040.00 0.00 -1040.00
-910.00 0.00 -1040.00
-780.00 0.00 -1040.00
-650.00 0.00 -1040.00
-520.00 0.00 -1040.00
-390.00 0.00 -1040.00
-260.00 0.00 -1040.00
-130.00 0.00 -1040.00
0.00 0.00 -1040.00
130.00 0.00 -1040.00
260.00 1.33 -1040.00
390.00 5.78 -1040.00
520.00 11.48 -1040.00
650.00 21.99 -1040.00
780.00 34.61 -1040.00
910.00 56.27 -1040.00
1040.00 85.86 -1040.00
1170.00 112.58 -1040.00
1300.00 139.78 -1040.00
1430.00 87.80 -1040.00
1560.00 96.52 -1040.00
1690.00 104.75 -1040.00
1820.00 94.52 -1040.00
1950.00 101.69 -1040.00
2080.00 112.36 -1040.00
2210.00 119.75 -1040.00
2340.00 136.03 -1040.00
2470.00 120.13 -1040.00
2600.00 148.85 -1040.00
2730.00 185.12 -1040.00
2860.00 217.44 -1040.00
2990.00 226.79 -1040.00
3120.00 208.34 -1040.00
3250.00 200.59 -1040.00
-3250.00 33.06 -1170.00
-3120.00 41.32 -1170.00
-2990.00 47.75 -1170.00
-2860.00 49.71 -1170.00
-2730.00 47.59 -1170.00
-2600.00 42.69 -1170.00
-2470.00 31.71 -1170.00
-2340.00 21.79 -1170.00
-2210.00 9.72 -1170.00
-2080.00 4.82 -1170.00
-1950.00 2.53 -1170.00
-1820.00 0.99 -1170.00
-1690.00 0.20 -1170.00
-1560.00 0.00 -1170.00
-1430.00 0.00 -1170.00
-1300.00 0.00 -1170.00
-1170.00 0.00 -1170.00
-1040.00 0.00 -1170.00
-910.00 0.00 -1170.00
-780.00 0.00 -1170.00
-650.00 0.00 -1170.00
-520.00 0.00 -1170.00
-390.00 0.00 -1170.00
-260.00 0.00 -1170.00
-130.00 0.00 -1170.00
0.00 0.00 -1170.00
130.00 0.00 -1170.00
260.00 1.45 -1170.00
390.00 5.39 -1170.00
520.00 11.52 -1170.00
650.00 20.90 -1170.00
780.00 39.24 -1170.00
910.00 65.60 -1170.00
1040.00 90.40 -1170.00
1170.00 116.24 -1170.00
1300.00 83.76 -1170.00
1430.00 99.79 -1170.00
1560.00 118.00 -1170.00
1690.00 128.15 -1170.00
1820.00 128.49 -1170.00
1950.00 129.01 -1170.00
2080.00 134.93 -1170.00
2210.00 142.64 -1170.00
2340.00 159.47 -1170.00
2470.00 184.38 -1170.00
2600.00 162.03 -1170.00
2730.00 203.10 -1170.00
2860.00 224.53 -1170.00
2990.00 236.49 -1170.00
3120.00 234.60 -1170.00
3250.00 224.40 -1170.00
-3250.00 13.51 -1300.00
-3120.00 21.34 -1300.00
-2990.00 25.38 -1300.00
-2860.00 28.20 -1300.00
-2730.00 24.65 -1300.00
-2600.00 22.40 -1300.00
-2470.00 14.55 -1300.00
-2340.00 6.43 -1300.00
-2210.00 4.18 -1300.00
-2080.00 2.37 -1300.00
-1950.00 1.53 -1300.00
-1820.00 0.49 -1300.00
-1690.00 0.00 -1300.00
-1560.00 0.00 -1300.00
-1430.00 0.00 -1300.00
-1300.00 0.00 -1300.00
-1170.00 0.00 -1300.00
-1040.00 0.00 -1300.00
-910.00 0.00 -1300.00
-780.00 0.00 -1300.00
-650.00 0.00 -1300.00
-520.00 0.00 -1300.00
-390.00 0.00 -1300.00
-260.00 0.00 -1300.00
-130.00 0.00 -1300.00
0.00 0.00 -1300.00
130.00 0.00 -1300.00
260.00 1.00 -1300.00
390.00 6.14 -1300.00
520.00 13.98 -1300.00
650.00 23.38 -1300.00
780.00 41.83 -1300.00
910.00 67.56 -1300.00
1040.00 95.10 -1300.00
1170.00 125.85 -1300.00
1300.00 100.66 -1300.00
1430.00 119.32 -1300.00
1560.00 139.05 -1300.00
1690.00 151.34 -1300.00
1820.00 149.54 -1300.00
1950.00 151.28 -1300.00
2080.00 162.18 -1300.00
2210.00 169.04 -1300.00
2340.00 177.94 -1300.00
2470.00 207.17 -1300.00
2600.00 224.53 -1300.00
2730.00 218.37 -1300.00
2860.00 242.99 -1300.00
2990.00 256.96 -1300.00
3120.00 254.36 -1300.00
3250.00 242.51 -1300.00
-3250.00 3.35 -1430.00
-3120.00 4.69 -1430.00
-2990.00 6.77 -1430.00
-2860.00 8.60 -1430.00
-2730.00 7.23 -1430.00
-2600.00 5.44 -1430.00
-2470.00 4.27 -1430.00
-2340.00 2.14 -1430.00
-2210.00 1.77 -1430.00
-2080.00 0.81 -1430.00
-1950.00 0.41 -1430.00
-1820.00 0.00 -1430.00
-1690.00 0.00 -1430.00
-1560.00 0.00 -1430.00
-1430.00 0.00 -1430.00
-1300.00 0.00 -1430.00
-1170.00 0.00 -1430.00
-1040.00 0.00 -1430.00
-910.00 0.00 -1430.00
-780.00 0.00 -1430.00
-650.00 0.00 -1430.00
-520.00 0.00 -1430.00
-390.00 0.00 -1430.00
-260.00 0.00 -1430.00
-130.00 0.00 -1430.00
0.00 0.00 -1430.00
130.00 0.00 -1430.00
260.00 0.91 -1430.00
390.00 5.87 -1430.00
520.00 14.02 -1430.00
650.00 24.80 -1430.00
780.00 42.95 -1430.00
910.00 67.73 -1430.00
1040.00 90.71 -1430.00
1170.00 86.16 -1430.00
1300.00 117.71 -1430.00
1430.00 144.14 -1430.00
1560.00 158.69 -1430.00
1690.00 174.81 -1430.00
1820.00 181.36 -1430.00
1950.00 185.22 -1430.00
2080.00 182.62 -1430.00
2210.00 184.89 -1430.00
2340.00 192.51 -1430.00
2470.00 220.88 -1430.00
2600.00 240.11 -1430.00
2730.00 257.48 -1430.00
2860.00 255.22 -1430.00
2990.00 269.70 -1430.00
3120.00 265.17 -1430.00
3250.00 254.73 -1430.00
-3250.00 0.83 -1560.00
-3120.00 1.58 -1560.00
-2990.00 1.72 -1560.00
-2860.00 1.47 -1560.00
-2730.00 1.39 -1560.00
-2600.00 1.30 -1560.00
-2470.00 0.97 -1560.00
-2340.00 0.57 -1560.00
-2210.00 0.39 -1560.00
-2080.00 0.07 -1560.00
-1950.00 0.00 -1560.00
-1820.00 0.00 -1560.00
-1690.00 0.00 -1560.00
-1560.00 0.00 -1560.00
-1430.00 0.00 -1560.00
-1300.00 0.00 -1560.00
-1170.00 0.00 -1560.00
-1040.00 0.00 -1560.00
-910.00 0.00 -1560.00
-780.00 0.00 -1560.00
-650.00 0.00 -1560.00
-520.00 0.00 -1560.00
-390.00 0.00 -1560.00
-260.00 0.00 -1560.00
-130.00 0.00 -1560.00
0.00 0.00 -1560.00
130.00 0.00 -1560.00
260.00 1.23 -1560.00
390.00 5.75 -1560.00
520.00 16.06 -1560.00
650.00 27.36 -1560.00
780.00 39.71 -1560.00
910.00 62.94 -1560.00
1040.00 83.76 -1560.00
1170.00 98.40 -1560.00
1300.00 124.60 -1560.00
1430.00 158.60 -1560.00
1560.00 168.83 -1560.00
1690.00 181.78 -1560.00
1820.00 202.48 -1560.00
1950.00 201.58 -1560.00
2080.00 199.32 -1560.00
2210.00 193.11 -1560.00
2340.00 203.24 -1560.00
2470.00 218.57 -1560.00
2600.00 183.98 -1560.00
2730.00 236.49 -1560.00
2860.00 255.87 -1560.00
2990.00 272.32 -1560.00
3120.00 287.67 -1560.00
3250.00 257.81 -1560.00
-3250.00 0.00 -1690.00
-3120.00 0.00 -1690.00
-2990.00 0.00 -1690.00
-2860.00 0.00 -1690.00
-2730.00 0.00 -1690.00
-2600.00 0.00 -1690.00
-2470.00 0.00 -1690.00
-2340.00 0.00 -1690.00
-2210.00 0.00 -1690.00
-2080.00 0.00 -1690.00
-1950.00 0.00 -1690.00
-1820.00 0.00 -1690.00
-1690.00 0.00 -1690.00
-1560.00 0.00 -1690.00
-1430.00 0.00 -1690.00
-1300.00 0.00 -1690.00
-1170.00 0.00 -1690.00
-1040.00 0.00 -1690.00
-910.00 0.00 -1690.00
-780.00 0.00 -1690.00
-650.00 0.00 -1690.00
-520.00 0.00 -1690.00
-390.00 0.00 -1690.00
-260.00 0.00 -1690.00
-130.00 0.00 -1690.00
0.00 0.00 -1690.00
130.00 0.00 -1690.00
260.00 1.75 -1690.00
390.00 6.86 -1690.00
520.00 16.01 -1690.00
650.00 28.94 -1690.00
780.00 41.50 -1690.00
910.00 55.63 -1690.00
1040.00 79.45 -1690.00
1170.00 107.77 -1690.00
1300.00 129.69 -1690.00
1430.00 159.32 -1690.00
1560.00 179.71 -1690.00
1690.00 192.53 -1690.00
1820.00 196.86 -1690.00
1950.00 208.94 -1690.00
2080.00 201.88 -1690.00
2210.00 195.52 -1690.00
2340.00 203.32 -1690.00
2470.00 137.85 -1690.00
2600.00 178.56 -1690.00
2730.00 225.31 -1690.00
2860.00 251.41 -1690.00
2990.00 272.66 -1690.00
3120.00 273.85 -1690.00
3250.00 244.74 -1690.00
-3250.00 0.00 -1820.00
-3120.00 0.00 -1820.00
-2990.00 0.00 -1820.00
-2860.00 0.00 -1820.00
-2730.00 0.00 -1820.00
-2600.00 0.00 -1820.00
-2470.00 0.00 -1820.00
-2340.00 0.00 -1820.00
-2210.00 0.00 -1820.00
-2080.00 0.00 -1820.00
-1950.00 0.00 -1820.00
-1820.00 0.00 -1820.00
-1690.00 0.00 -1820.00
-1560.00 0.00 -1820.00
-1430.00 0.00 -1820.00
-1300.00 0.00 -1820.00
-1170.00 0.00 -1820.00
-1040.00 0.00 -1820.00
-910.00 0.00 -1820.00
-780.00 0.00 -1820.00
-650.00 0.00 -1820.00
-520.00 0.00 -1820.00
-390.00 0.00 -1820.00
-260.00 0.00 -1820.00
-130.00 0.00 -1820.00
0.00 0.00 -1820.00
130.00 0.00 -1820.00
260.00 1.47 -1820.00
390.00 6.75 -1820.00
520.00 14.50 -1820.00
650.00 24.06 -1820.00
780.00 39.48 -1820.00
910.00 53.74 -1820.00
1040.00 69.10 -1820.00
1170.00 100.86 -1820.00
1300.00 135.38 -1820.00
1430.00 160.94 -1820.00
1560.00 178.76 -1820.00
1690.00 190.50 -1820.00
1820.00 198.43 -1820.00
1950.00 201.36 -1820.00
2080.00 184.56 -1820.00
2210.00 185.46 -1820.00
2340.00 118.69 -1820.00
2470.00 123.57 -1820.00
2600.00 172.35 -1820.00
2730.00 202.65 -1820.00
2860.00 241.60 -1820.00
2990.00 266.62 -1820.00
3120.00 271.31 -1820.00
3250.00 240.51 -1820.00
-3250.00 0.00 -1950.00
-3120.00 0.00 -1950.00
-2990.00 0.00 -1950.00
-2860.00 0.00 -1950.00
-2730.00 0.00 -1950.00
-2600.00 0.00 -1950.00
-2470.00 0.00 -1950.00
-2340.00 0.00 -1950.00
-2210.00 0.00 -1950.00
-2080.00 0.00 -1950.00
-1950.00 0.00 -1950.00
-1820.00 0.00 -1950.00
-1690.00 0.00 -1950.00
-1560.00 0.00 -1950.00
-1430.00 0.00 -1950.00
-1300.00 0.00 -1950.00
-1170.00 0.00 -1950.00
-1040.00 0.00 -1950.00
-910.00 0.00 -1950.00
-780.00 0.00 -1950.00
-650.00 0.00 -1950.00
-520.00 0.00 -1950.00
-390.00 0.00 -1950.00
-260.00 0.00 -1950.00
-130.00 0.00 -1950.00
0.00 0.00 -1950.00
130.00 0.00 -1950.00
260.00 1.40 -1950.00
390.00 6.99 -1950.00
520.00 13.39 -1950.00
650.00 23.14 -1950.00
780.00 33.65 -1950.00
910.00 47.37 -1950.00
1040.00 67.98 -1950.00
1170.00 92.07 -1950.00
1300.00 118.76 -1950.00
1430.00 139.03 -1950.00
1560.00 161.32 -1950.00
1690.00 181.20 -1950.00
1820.00 178.69 -1950.00
1950.00 189.94 -1950.00
2080.00 166.15 -1950.00
2210.00 130.86 -1950.00
2340.00 104.01 -1950.00
2470.00 113.80 -1950.00
2600.00 152.19 -1950.00
2730.00 184.62 -1950.00
2860.00 223.49 -1950.00
2990.00 242.84 -1950.00
3120.00 247.21 -1950.00
3250.00 233.47 -1950.00
-3250.00 0.00 -2080.00
-3120.00 0.00 -2080.00
-2990.00 0.00 -2080.00
-2860.00 0.00 -2080.00
-2730.00 0.00 -2080.00
-2600.00 0.00 -2080.00
-2470.00 0.00 -2080.00
-2340.00 0.00 -2080.00
-2210.00 0.00 -2080.00
-2080.00 0.00 -2080.00
-1950.00 0.00 -2080.00
-1820.00 0.00 -2080.00
-1690.00 0.00 -2080.00
-1560.00 0.00 -2080.00
-1430.00 0.00 -2080.00
-1300.00 0.00 -2080.00
-1170.00 0.44 -2080.00
-1040.00 2.33 -2080.00
-910.00 3.41 -2080.00
-780.00 4.03 -2080.00
-650.00 3.25 -2080.00
-520.00 1.62 -2080.00
-390.00 0.49 -2080.00
-260.00 0.02 -2080.00
-130.00 0.00 -2080.00
0.00 0.00 -2080.00
130.00 0.00 -2080.00
260.00 1.07 -2080.00
390.00 5.57 -2080.00
520.00 10.99 -2080.00
650.00 21.63 -2080.00
780.00 32.31 -2080.00
910.00 43.27 -2080.00
1040.00 53.69 -2080.00
1170.00 79.43 -2080.00
1300.00 106.04 -2080.00
1430.00 133.85 -2080.00
1560.00 167.88 -2080.00
1690.00 176.18 -2080.00
1820.00 194.33 -2080.00
1950.00 187.72 -2080.00
2080.00 174.94 -2080.00
2210.00 111.27 -2080.00
2340.00 89.48 -2080.00
2470.00 104.59 -2080.00
2600.00 141.30 -2080.00
2730.00 175.11 -2080.00
2860.00 204.95 -2080.00
2990.00 227.17 -2080.00
3120.00 216.05 -2080.00
3250.00 201.73 -2080.00
-3250.00 0.00 -2210.00
-3120.00 0.00 -2210.00
-2990.00 0.00 -2210.00
-2860.00 0.00 -2210.00
-2730.00 0.00 -2210.00
-2600.00 0.00 -2210.00
-2470.00 0.00 -2210.00
-2340.00 0.00 -2210.00
-2210.00 0.00 -2210.00
-2080.00 0.00 -2210.00
-1950.00 0.00 -2210.00
-1820.00 0.00 -2210.00
-1690.00 0.00 -2210.00
-1560.00 0.00 -2210.00
-1430.00 1.18 -2210.00
-1300.00 7.43 -2210.00
-1170.00 13.51 -2210.00
-1040.00 16.95 -2210.00
-910.00 18.97 -2210.00
-780.00 16.46 -2210.00
-650.00 14.46 -2210.00
-520.00 8.95 -2210.00
-390.00 5.03 -2210.00
-260.00 4.53 -2210.00
-130.00 3.96 -2210.00
0.00 3.98 -2210.00
130.00 4.59 -2210.00
260.00 4.86 -2210.00
390.00 7.76 -2210.00
520.00 14.16 -2210.00
650.00 22.64 -2210.00
780.00 30.99 -2210.00
910.00 41.17 -2210.00
1040.00 54.27 -2210.00
1170.00 79.86 -2210.00
1300.00 115.49 -2210.00
1430.00 142.34 -2210.00
1560.00 164.32 -2210.00
1690.00 185.77 -2210.00
1820.00 183.72 -2210.00
1950.00 181.39 -2210.00
2080.00 168.72 -2210.00
2210.00 92.56 -2210.00
2340.00 77.18 -2210.00
2470.00 93.19 -2210.00
2600.00 119.98 -2210.00
2730.00 141.29 -2210.00
2860.00 167.42 -2210.00
2990.00 194.38 -2210.00
3120.00 186.66 -2210.00
3250.00 172.37 -2210.00
-3250.00 0.00 -2340.00
-3120.00 0.00 -2340.00
-2990.00 0.00 -2340.00
-2860.00 0.00 -2340.00
-2730.00 0.00 -2340.00
-2600.00 0.00 -2340.00
-2470.00 0.00 -2340.00
-2340.00 0.00 -2340.00
-2210.00 0.00 -2340.00
-2080.00 0.00 -2340.00
-1950.00 0.00 -2340.00
-1820.00 0.00 -2340.00
-1690.00 0.00 -2340.00
-1560.00 3.85 -2340.00
-1430.00 11.76 -2340.00
-1300.00 20.88 -2340.00
-1170.00 26.91 -2340.00
-1040.00 30.01 -2340.00
-910.00 33.99 -2340.00
-780.00 29.67 -2340.00
-650.00 26.61 -2340.00
-520.00 21.65 -2340.00
-390.00 14.67 -2340.00
-260.00 13.63 -2340.00
-130.00 15.57 -2340.00
0.00 18.01 -2340.00
130.00 16.66 -2340.00
260.00 19.69 -2340.00
390.00 20.72 -2340.00
520.00 28.44 -2340.00
650.00 35.73 -2340.00
780.00 43.55 -2340.00
910.00 48.06 -2340.00
1040.00 63.71 -2340.00
1170.00 93.81 -2340.00
1300.00 123.59 -2340.00
1430.00 149.89 -2340.00
1560.00 178.78 -2340.00
1690.00 194.00 -2340.00
1820.00 197.63 -2340.00
1950.00 189.72 -2340.00
2080.00 85.34 -2340.00
2210.00 82.27 -2340.00
2340.00 84.78 -2340.00
2470.00 92.56 -2340.00
2600.00 102.17 -2340.00
2730.00 116.83 -2340.00
2860.00 140.78 -2340.00
2990.00 161.86 -2340.00
3120.00 153.41 -2340.00
3250.00 150.25 -2340.00
-3250.00 0.00 -2470.00
-3120.00 0.00 -2470.00
-2990.00 0.00 -2470.00
-2860.00 0.00 -2470.00
-2730.00 0.00 -2470.00
-2600.00 0.00 -2470.00
-2470.00 0.00 -2470.00
-2340.00 0.00 -2470.00
-2210.00 0.00 -2470.00
-2080.00 0.00 -2470.00
-1950.00 0.00 -2470.00
-1820.00 0.00 -2470.00
-1690.00 3.20 -2470.00
-1560.00 12.47 -2470.00
-1430.00 24.16 -2470.00
-1300.00 33.05 -2470.00
-1170.00 37.56 -2470.00
-1040.00 41.53 -2470.00
-910.00 46.39 -2470.00
-780.00 46.85 -2470.00
-650.00 40.22 -2470.00
-520.00 35.13 -2470.00
-390.00 26.88 -2470.00
-260.00 30.05 -2470.00
-130.00 31.09 -2470.00
0.00 33.56 -2470.00
130.00 36.41 -2470.00
260.00 38.67 -2470.00
390.00 40.14 -2470.00
520.00 42.39 -2470.00
650.00 50.25 -2470.00
780.00 54.78 -2470.00
910.00 62.75 -2470.00
1040.00 79.65 -2470.00
1170.00 112.83 -2470.00
1300.00 141.00 -2470.00
1430.00 163.06 -2470.00
1560.00 184.38 -2470.00
1690.00 196.51 -2470.00
1820.00 197.54 -2470.00
1950.00 187.35 -2470.00
2080.00 108.68 -2470.00
2210.00 104.91 -2470.00
2340.00 94.31 -2470.00
2470.00 97.22 -2470.00
2600.00 93.86 -2470.00
2730.00 90.91 -2470.00
2860.00 107.08 -2470.00
2990.00 122.76 -2470.00
3120.00 126.83 -2470.00
3250.00 113.75 -2470.00
-3250.00 0.00 -2600.00
-3120.00 0.00 -2600.00
-2990.00 0.00 -2600.00
-2860.00 0.00 -2600.00
-2730.00 0.00 -2600.00
-2600.00 0.00 -2600.00
-2470.00 0.00 -2600.00
-2340.00 0.00 -2600.00
-2210.00 0.00 -2600.00
-2080.00 0.00 -2600.00
-1950.00 0.00 -2600.00
-1820.00 1.31 -2600.00
-1690.00 9.33 -2600.00
-1560.00 20.56 -2600.00
-1430.00 34.91 -2600.00
-1300.00 40.86 -2600.00
-1170.00 53.99 -2600.00
-1040.00 60.44 -2600.00
-910.00 59.39 -2600.00
-780.00 57.76 -2600.00
-650.00 51.39 -2600.00
-520.00 45.84 -2600.00
-390.00 39.57 -2600.00
-260.00 44.37 -2600.00
-130.00 44.86 -2600.00
0.00 53.23 -2600.00
130.00 55.76 -2600.00
260.00 54.95 -2600.00
390.00 58.18 -2600.00
520.00 59.92 -2600.00
650.00 66.53 -2600.00
780.00 74.20 -2600.00
910.00 78.88 -2600.00
1040.00 103.48 -2600.00
1170.00 129.69 -2600.00
1300.00 151.13 -2600.00
1430.00 170.36 -2600.00
1560.00 191.99 -2600.00
1690.00 206.27 -2600.00
1820.00 207.91 -2600.00
1950.00 196.02 -2600.00
2080.00 169.03 -2600.00
2210.00 125.26 -2600.00
2340.00 103.13 -2600.00
2470.00 93.21 -2600.00
2600.00 89.63 -2600.00
2730.00 80.35 -2600.00
2860.00 84.56 -2600.00
2990.00 85.30 -2600.00
3120.00 88.03 -2600.00
3250.00 86.72 -2600.00
-3250.00 0.00 -2730.00
-3120.00 0.00 -2730.00
-2990.00 0.00 -2730.00
-2860.00 0.00 -2730.00
-2730.00 0.00 -2730.00
-2600.00 0.00 -2730.00
-2470.00 0.00 -2730.00
-2340.00 0.00 -2730.00
-2210.00 0.00 -2730.00
-2080.00 0.00 -2730.00
-1950.00 0.00 -2730.00
-1820.00 4.86 -2730.00
-1690.00 15.18 -2730.00
-1560.00 29.30 -2730.00
-1430.00 43.43 -2730.00
-1300.00 49.50 -2730.00
-1170.00 59.78 -2730.00
-1040.00 71.83 -2730.00
-910.00 76.48 -2730.00
-780.00 76.06 -2730.00
-650.00 66.46 -2730.00
-520.00 58.19 -2730.00
-390.00 52.08 -2730.00
-260.00 58.73 -2730.00
-130.00 65.77 -2730.00
0.00 65.83 -2730.00
130.00 74.59 -2730.00
260.00 74.20 -2730.00
390.00 75.90 -2730.00
520.00 79.76 -2730.00
650.00 81.44 -2730.00
780.00 89.47 -2730.00
910.00 96.58 -2730.00
1040.00 127.14 -2730.00
1170.00 152.34 -2730.00
1300.00 172.51 -2730.00
1430.00 192.17 -2730.00
1560.00 201.29 -2730.00
1690.00 217.08 -2730.00
1820.00 222.00 -2730.00
1950.00 210.50 -2730.00
2080.00 178.43 -2730.00
2210.00 139.81 -2730.00
2340.00 114.24 -2730.00
2470.00 95.93 -2730.00
2600.00 79.58 -2730.00
2730.00 62.76 -2730.00
2860.00 60.47 -2730.00
2990.00 61.42 -2730.00
3120.00 58.95 -2730.00
3250.00 56.21 -2730.00
-3250.00 0.00 -2860.00
-3120.00 0.00 -2860.00
-2990.00 0.00 -2860.00
-2860.00 0.00 -2860.00
-2730.00 0.00 -2860.00
-2600.00 0.00 -2860.00
-2470.00 0.00 -2860.00
-2340.00 0.00 -2860.00
-2210.00 0.00 -2860.00
-2080.00 0.00 -2860.00
-1950.00 0.44 -2860.00
-1820.00 7.97 -2860.00
-1690.00 19.27 -2860.00
-1560.00 34.13 -2860.00
-1430.00 49.68 -2860.00
-1300.00 60.90 -2860.00
-1170.00 75.55 -2860.00
-1040.00 81.36 -2860.00
-910.00 91.22 -2860.00
-780.00 87.10 -2860.00
-650.00 76.26 -2860.00
-520.00 65.69 -2860.00
-390.00 61.59 -2860.00
-260.00 66.18 -2860.00
-130.00 77.59 -2860.00
0.00 86.55 -2860.00
130.00 93.26 -2860.00
260.00 96.03 -2860.00
390.00 94.44 -2860.00
520.00 95.17 -2860.00
650.00 97.61 -2860.00
780.00 102.73 -2860.00
910.00 116.26 -2860.00
1040.00 139.16 -2860.00
1170.00 163.73 -2860.00
1300.00 182.87 -2860.00
1430.00 202.40 -2860.00
1560.00 212.66 -2860.00
1690.00 231.96 -2860.00
1820.00 242.89 -2860.00
1950.00 226.91 -2860.00
2080.00 186.70 -2860.00
2210.00 144.96 -2860.00
2340.00 117.97 -2860.00
2470.00 90.85 -2860.00
2600.00 69.76 -2860.00
2730.00 50.62 -2860.00
2860.00 38.22 -2860.00
2990.00 38.24 -2860.00
3120.00 37.01 -2860.00
3250.00 38.23 -2860.00
-3250.00 0.00 -2990.00
-3120.00 0.00 -2990.00
-2990.00 0.00 -2990.00
-2860.00 0.00 -2990.00
-2730.00 0.00 -2990.00
-2600.00 0.00 -2990.00
-2470.00 0.00 -2990.00
-2340.00 0.00 -2990.00
-2210.00 0.00 -2990.00
-2080.00 0.00 -2990.00
-1950.00 1.17 -2990.00
-1820.00 9.17 -2990.00
-1690.00 23.59 -2990.00
-1560.00 34.30 -2990.00
-1430.00 50.71 -2990.00
-1300.00 67.42 -2990.00
-1170.00 74.95 -2990.00
-1040.00 93.99 -2990.00
-910.00 103.52 -2990.00
-780.00 97.03 -2990.00
-650.00 83.17 -2990.00
-520.00 70.80 -2990.00
-390.00 73.87 -2990.00
-260.00 83.52 -2990.00
-130.00 89.98 -2990.00
0.00 98.95 -2990.00
130.00 105.49 -2990.00
260.00 109.72 -2990.00
390.00 105.66 -2990.00
520.00 111.71 -2990.00
650.00 115.68 -2990.00
780.00 116.10 -2990.00
910.00 132.74 -2990.00
1040.00 145.44 -2990.00
1170.00 162.51 -2990.00
1300.00 181.65 -2990.00
1430.00 200.08 -2990.00
1560.00 225.42 -2990.00
1690.00 226.10 -2990.00
1820.00 233.48 -2990.00
1950.00 212.82 -2990.00
2080.00 177.07 -2990.00
2210.00 152.08 -2990.00
2340.00 113.92 -2990.00
2470.00 87.80 -2990.00
2600.00 61.49 -2990.00
2730.00 39.25 -2990.00
2860.00 19.90 -2990.00
2990.00 22.09 -2990.00
3120.00 22.32 -2990.00
3250.00 20.16 -2990.00
-3250.00 0.00 -3120.00
-3120.00 0.00 -3120.00
-2990.00 0.00 -3120.00
-2860.00 0.00 -3120.00
-2730.00 0.00 -3120.00
-2600.00 0.00 -3120.00
-2470.00 0.00 -3120.00
-2340.00 0.00 -3120.00
-2210.00 0.00 -3120.00
-2080.00 0.00 -3120.00
-1950.00 1.23 -3120.00
-1820.00 9.16 -3120.00
-1690.00 22.33 -3120.00
-1560.00 33.91 -3120.00
-1430.00 51.80 -3120.00
-1300.00 65.54 -3120.00
-1170.00 76.82 -3120.00
-1040.00 91.66 -3120.00
-910.00 92.80 -3120.00
-780.00 92.01 -3120.00
-650.00 78.90 -3120.00
-520.00 64.84 -3120.00
-390.00 74.60 -3120.00
-260.00 85.60 -3120.00
-130.00 100.10 -3120.00
0.00 106.94 -3120.00
130.00 111.08 -3120.00
260.00 113.35 -3120.00
390.00 121.10 -3120.00
520.00 115.26 -3120.00
650.00 116.30 -3120.00
780.00 119.97 -3120.00
910.00 132.17 -3120.00
1040.00 152.81 -3120.00
1170.00 170.50 -3120.00
1300.00 179.58 -3120.00
1430.00 198.42 -3120.00
1560.00 205.90 -3120.00
1690.00 218.75 -3120.00
1820.00 201.18 -3120.00
1950.00 184.68 -3120.00
2080.00 171.04 -3120.00
2210.00 136.82 -3120.00
2340.00 103.10 -3120.00
2470.00 72.02 -3120.00
2600.00 49.34 -3120.00
2730.00 26.59 -3120.00
2860.00 10.27 -3120.00
2990.00 12.00 -3120.00
3120.00 10.64 -3120.00
3250.00 10.20 -3120.00
-3250.00 0.00 -3250.00
-3120.00 0.00 -3250.00
-2990.00 0.00 -3250.00
-2860.00 0.00 -3250.00
-2730.00 0.00 -3250.00
-2600.00 0.00 -3250.00
-2470.00 0.00 -3250.00
-2340.00 0.00 -3250.00
-2210.00 0.00 -3250.00
-2080.00 0.00 -3250.00
-1950.00 0.72 -3250.00
-1820.00 8.75 -3250.00
-1690.00 20.44 -3250.00
-1560.00 31.65 -3250.00
-1430.00 49.06 -3250.00
-1300.00 62.03 -3250.00
-1170.00 71.16 -3250.00
-1040.00 83.30 -3250.00
-910.00 88.47 -3250.00
-780.00 79.92 -3250.00
-650.00 73.16 -3250.00
-520.00 69.03 -3250.00
-390.00 71.15 -3250.00
-260.00 79.50 -3250.00
-130.00 88.58 -3250.00
0.00 102.78 -3250.00
130.00 107.84 -3250.00
260.00 104.94 -3250.00
390.00 113.66 -3250.00
520.00 113.34 -3250.00
650.00 116.96 -3250.00
780.00 112.75 -3250.00
910.00 116.40 -3250.00
1040.00 128.34 -3250.00
1170.00 143.91 -3250.00
1300.00 162.11 -3250.00
1430.00 168.97 -3250.00
1560.00 174.85 -3250.00
1690.00 183.87 -3250.00
1820.00 181.62 -3250.00
1950.00 167.24 -3250.00
2080.00 143.82 -3250.00
2210.00 115.78 -3250.00
2340.00 87.01 -3250.00
2470.00 65.67 -3250.00
2600.00 38.77 -3250.00
2730.00 13.07 -3250.00
2860.00 2.89 -3250.00
2990.00 3.57 -3250.00
3120.00 3.74 -3250.00
3250.00 3.11 -3250.00
